image_size:
  height: 480
  width: 640
yolo_image_size: 416
fish_eye: true
camera_matrix:
  - 359.0416607440124
  - 0
  - 326.7664029189718
  - 0
  - 359.4554209546856
  - 227.4554222575176
  - 0
  - 0
  - 1
dist_coeffs:
  - -0.06170247224470661
  - 0.031007158721413
  - -0.01848443192406562
  - -0.002848753682136129

# camera - lidar calibration
rvec:
  - 1.271841712336326
  - 1.280628898913885
  - -1.146166999079326
tvec:
  - -0.3576757295346953
  - 7.917772897035997
  - 14.06043438411733
# lidar pitch (rad)
pitch: 0.074
# traffic sign slope angle (rad)
climbing_angle: 0.2094
